Y2 <- c(-1.32672130167,-0.272397491742,-0.0435852515119,1.79499202209,-0.762466734417,1.74191728764,-1.9025907174,-0.820711294833,-0.237866962537,0.712587944476,-2.49569640091,1.26396350672,-2.54800712916,-1.38496510993,3.35945290568,-1.83863292465,1.17609896947,0.0,2.11872359285,-1.31929237116,1.0822734405,-0.218344251545,1.31129109262,2.58456222115,-2.25606159875,-3.19792906137,2.82750136563,-1.81292038901,-1.63207316598,1.62003366092,0.780549521506,1.25515690072,0.0,0.442181008379,0.0,-0.176746461422,-5.03160309162,-2.40043216735,1.98519501284,-1.01623231821,-0.724172427835,1.58464897284,0.0,-2.58970773732,2.07228200626,2.99500277071,1.22097096966,1.34361056327,5.67382750848,0.946846979438,4.75265726819,0.0,3.64085379699,1.50365817158,-0.677749973278,0.0,0.45292312906,1.46514840272,1.50850485338,1.79433909514,-1.01903035096,-0.261497331308,2.49544378903,-0.0193512150053,0.0,0.698121926116,0.0,4.65345982194,0.153106468137,-0.15625847671,0.0,2.10821482848,0.0,0.511367841776,3.55877189985,-0.889036449206,-0.954806961749,1.43918758813,4.00252969361,2.5995973369,-0.922927371914,-2.77103826346,1.51490587627,-0.391718208357,-2.12059690637,1.57435252613,-0.862247734707,-2.69693933302,0.817123538477,-0.68721184743,10.2393603688,1.57807061293,2.43207791287,0.407472681773,-2.65173215486,-1.57259225805,-4.47057126987,3.2469102866,-0.759661328828,-1.82261164793,2.3365620468,0.0,3.76165789457,0.0,-1.29440625552,3.40985057782,6.74417162638,-0.612994195711,0.0,-2.0200027597,-0.48655152125,4.39391100633,0.0,-4.51559131229,-6.04723177823,0.494702342133,0.0,0.0,3.98375853949,2.00591916857,-5.8413753151,0.0,0.0,0.0,1.85185333418,6.8456866497,0.0,-1.22051010655,-1.60430351336,7.76165298803,0.614502573481,-1.38458370995,1.07344578737,2.64766432111,0.617216294089,0.0,0.381355751842,1.17109736032,0.781523874575,2.37736181986,0.61446195258,-3.32633126837,5.2443076888,4.39778840925,3.05232327212,1.52876702726,3.50865212662,4.75107318341,0.0,0.379653636626,3.92918081956,0.0,6.4803698355,4.31078918511,-3.65971914544,2.00249390517,-0.715652024491,7.0800875,-0.861573385302,8.48891484002,-1.81142760752,2.99580374103,0.0,0.0,-3.79453096162,7.02759918508,2.24446406921,12.4023559004,0.547429264602,-0.560594595326,7.9169092106,-2.33292687663,0.0,1.51686195497,3.39659247114,1.42149807394,5.21475739365,2.09049069731,5.36937223752,-3.61842506909,-0.581607507599,-4.73885511713,1.42017900478,-7.23276694438,0.0,0.0,-2.76253007575,6.94283531357,0.0,2.32979488591,0.976787480914,6.32159328286,-2.01881159096,3.8599111308,-0.381810726198,0.0,1.22407662616,0.333910626322,0.0,0.0,-0.839656161366,2.21541339535,-4.13855617731,0.0888354767556,5.07252117876,0.0,-1.89176252908,4.84085547914,6.0603550854,1.03989922527,0.418384900455,6.64890250048,4.04731292121,0.0,-2.66625809188,1.48166190723,0.427121471108,1.48903438083,0.540947483255,3.61314986716,-2.70008605209,-1.38667022567,-5.77894400063,-1.78280549474,0.0,5.88553814229,3.57877895162,0.0)
Z <- structure(c(1.0,1.0,1.0,1.0,0.410201743315,1.05826647401,-1.00287018939,-0.847704036711,1.70632777093,-1.1969731152,1.0,1.0,1.0,-1.41151852937,-0.371094389438,-1.22676256131,-0.293378768873,-1.08226776473,0.682994524311,0.342796243732,1.0,1.0,1.0,-1.26975459036,3.77712562879,-1.42008752155,-2.10010785794,0.35794321216,-0.595258858944,-0.388936679616), .Dim=c(10,3))
nB2<-3
nB1<-2
M<-228
nB<-5
N<-10
Y1 <- c(1.0,1.0,1.0,1.0,1.0,1.0,1.0,1.0,1.0,1.0,1.0,1.0,1.0,1.0,1.0,1.0,1.0,0.0,1.0,1.0,1.0,1.0,1.0,1.0,1.0,1.0,1.0,1.0,1.0,1.0,1.0,1.0,0.0,1.0,0.0,1.0,1.0,1.0,1.0,1.0,1.0,1.0,0.0,1.0,1.0,1.0,1.0,1.0,1.0,1.0,1.0,0.0,1.0,1.0,1.0,0.0,1.0,1.0,1.0,1.0,1.0,1.0,1.0,1.0,0.0,1.0,0.0,1.0,1.0,1.0,0.0,1.0,0.0,1.0,1.0,1.0,1.0,1.0,1.0,1.0,1.0,1.0,1.0,1.0,1.0,1.0,1.0,1.0,1.0,1.0,1.0,1.0,1.0,1.0,1.0,1.0,1.0,1.0,1.0,1.0,1.0,0.0,1.0,0.0,1.0,1.0,1.0,1.0,0.0,1.0,1.0,1.0,0.0,1.0,1.0,1.0,0.0,0.0,1.0,1.0,1.0,0.0,0.0,0.0,1.0,1.0,0.0,1.0,1.0,1.0,1.0,1.0,1.0,1.0,1.0,0.0,1.0,1.0,1.0,1.0,1.0,1.0,1.0,1.0,1.0,1.0,1.0,1.0,0.0,1.0,1.0,0.0,1.0,1.0,1.0,1.0,1.0,1.0,1.0,1.0,1.0,1.0,0.0,0.0,1.0,1.0,1.0,1.0,1.0,1.0,1.0,1.0,0.0,1.0,1.0,1.0,1.0,1.0,1.0,1.0,1.0,1.0,1.0,1.0,0.0,0.0,1.0,1.0,0.0,1.0,1.0,1.0,1.0,1.0,1.0,0.0,1.0,1.0,0.0,0.0,1.0,1.0,1.0,1.0,1.0,0.0,1.0,1.0,1.0,1.0,1.0,1.0,1.0,0.0,1.0,1.0,1.0,1.0,1.0,1.0,1.0,1.0,1.0,1.0,0.0,1.0,1.0,0.0)
nZ<-3
