y <- c(0.105113357321472,-1.42477863764585,0.351147626548844,1.50458919076872,-0.0464927102052184,-2.43577690898443,-0.698713693359404,1.80114646771309,0.358561140700945,1.6397137362831,-1.00611702394518,0.167088805891726,-2.0739942977115,0.157209004413299,-0.362277381777015,-0.290550257665496,-0.659647764237903,-1.23214086246028,1.34713223200719,0.674588800891289,-0.791518545905547,0.79832720478274,-0.527974351913007,1.54509538433702,-0.178503852754566,-0.361631591366326,-0.344814264186028,-0.424296686215494,0.505474402514903,-2.63891664534485,0.260035870930152,-0.760696565376323,-1.46486905071278,0.142662836036059,-1.35052003920307,-0.0651725912993496,0.324065468890508,0.292501330497226,-0.962358770300694,-0.208722958598624,-0.273738889469518,1.15365838950904,0.100420003109105,0.919220970663426,-1.39376238443976,0.480078374064509,2.62320381269622,1.14958839458874,-0.196234893712862,0.882770066284907,1.17928468470459,0.842470702898988,0.472364759787879,2.49211982848669,-0.195350766886146,-1.25090910006236,0.452974554330319,-1.28902780655137,-0.319512510332148,-0.493438441520607,1.55947103518494,1.79662413699782,-0.137457967729241,1.12244286428946,-0.531176805340935,0.733657505053422,-0.289521348327953,-0.56105305773851,0.794650798720418,0.94872951882781,0.538316101903152,-0.56697489800553,-0.0646568428976519,-0.079551012917149,0.149056296491757,1.8424552279074,-0.148305896338287,-0.726495713011948,-1.14749792413577,-0.573180712782074,0.126822070248419,1.20612089627857,0.36334979454951,1.78600308144159,0.479393188782136,0.0590249997579784,0.661899960361074,0.106756343347746,2.36987149690821,0.882009541528371,0.95892930913282,-0.690097729448072,1.55090978988964,1.57158988876372,-0.527954561795354,-0.525458753109798,-0.435453545799629,1.0661341025563,0.44444333850821,1.39249325930351)
N<-100
