N<-3
y <- c(10,15,25)