y <- structure(c(15,27,21,41,29,60,16,33,18,38,21,41,16,20,26,27,33,42), .Dim=c(6,3))
x <- c(0.0,10.0,33.0,100.0,333.0,1000.0)
Nplates<-3
Ndoses<-6
