y <- structure(c(15,16,16,27,33,20,21,18,26,41,38,27,29,21,33,60,41,42), .Dim=c(6,3))
x <- c(0.0,10.0,33.0,100.0,333.0,1000.0)
Nplates<-3
Ndoses<-6
