"theta[2]" <- -1.7998501333287367
"theta[1]" <- 4.336971746583521
"omega" <- 3.0
"theta[4]" <- -0.32355435738383365
"kappa" <- 0.5
"theta[5]" <- 3.8012263252988143
"theta[3]" <- 0.8875122786227699
"theta[10]" <- 1.7502073921676513
"theta[7]" <- -0.5851371830260914
"theta[6]" <- 4.137766819570061
"theta[9]" <- -0.12119244742239177
"theta[8]" <- 0.5645735165752005
